1013
1471
2081
474
807
1257
998
936
2432
5050
675
1741
847
2480
2610
1150
852
3906
953
1565
3252
764
1642
486
842
1790
1482
1015
855
1530
1723
5050
951
2753
1570
928
1768
1321
2129
1111
850
755
2135
1729
693
976
680
2385
969
636
2144
2857
1511
1708
1079
922
717
790
741
605
1821
1108
1052
1357
1464
873
860
687
695
888
1033
877
5050
2896
891
870
5050
811
1212
1043
757
1831
1083
911
1716
761
800
963
1967
1082
1602
1428
787
3488
659
4877
5050
822
1132
918
