1716
487
1625
5050
550
1961
1024
853
869
3857
5050
756
2804
1987
1745
774
684
1354
748
2066
781
785
5050
921
999
1295
4492
963
771
633
632
5050
1619
1256
2982
1217
786
758
5050
1841
1573
943
1060
4545
4502
3187
4441
754
4796
1292
784
2291
1609
720
1882
4337
2879
2295
4796
593
1334
798
1117
1011
5050
1950
2978
1778
1742
2121
3073
910
1023
1093
2402
1220
578
658
938
901
1005
5050
1020
1536
768
4986
2610
1948
1102
4582
2555
632
1204
714
1068
5050
528
719
5050
1692
