1918
5050
2739
4642
5050
5050
5050
5050
5050
1196
5050
1933
4569
5050
5050
4894
2266
1986
3727
2603
760
5050
5050
1907
5050
5050
3006
4492
2448
2900
5050
3838
1495
5050
5050
2962
5050
5050
3360
927
1626
2061
1507
2064
882
5050
5050
1732
1616
1237
4628
5050
1383
5050
3059
2716
5050
5050
5050
1985
2507
3480
3578
2564
2022
4453
3001
3836
5050
1285
5050
5050
1964
5050
4033
4533
5050
3530
1726
1185
5050
5050
5050
5050
5050
3315
3897
2871
4207
3088
5050
3215
5050
5050
3187
5050
4280
1759
3296
5050
