5050
5050
3046
3229
5050
5050
5050
5050
5050
5050
5050
5050
3281
5050
5050
5050
5050
5050
5050
5050
1570
5050
1277
5050
4105
5050
5050
5050
5050
5050
5050
5050
5050
4808
5050
5050
1733
5050
5050
4544
5050
5050
5050
4336
5050
5050
3206
5050
5050
5050
5050
5050
5050
5050
5050
1820
5050
5050
2129
5050
1093
5050
5050
5050
5050
5050
5050
5050
5050
5050
5050
5050
5050
5050
5050
5050
5050
5050
5050
5050
5050
5050
5050
5050
2112
5050
3409
5050
5050
1360
5050
4845
5050
5050
5050
1914
5050
5050
5050
5050
