2774
5050
2418
5050
1836
1812
5050
3096
5050
5050
1681
1966
1968
5050
2537
3912
5050
5050
3667
5050
1721
4120
5050
5050
4677
3623
5050
4793
4022
3902
5050
3517
4270
2395
2473
5050
5050
2702
5050
2139
3093
4005
4785
2188
1382
3186
2264
5050
3379
5050
4883
5050
5050
2451
5050
2420
3915
5050
1951
4970
2271
1768
5050
2313
4521
5050
5050
2383
1668
1530
2402
1323
3402
5050
988
3149
2968
5050
1935
2519
1365
2709
3652
5050
5050
5050
1759
5050
4146
5050
1688
5050
5050
5050
1937
2974
5050
1673
5050
2183
