4009
2761
1513
4606
3532
3682
2919
910
1230
991
1906
4480
1151
4828
1399
1653
2410
2235
2044
3680
2970
1030
5050
5050
1658
3121
3108
1190
2479
1983
2879
4641
5050
4345
1827
5050
2551
5020
2695
1483
2477
5050
3225
967
5050
1900
999
2580
5050
2716
3362
2225
1317
3200
2392
2024
1689
2895
5050
4250
2250
1802
5050
1396
2794
4413
2109
3495
3081
3189
3602
1288
5050
4252
2328
3385
3387
4109
3017
4061
1121
5050
5050
4086
5050
2319
947
829
5050
3422
1802
1955
3563
2657
5050
1584
2477
1133
1524
1919
