5050
3222
5050
5050
5050
3518
2631
1446
5050
4336
857
5050
5050
5050
4959
2979
5050
3824
4222
5050
5050
5050
2419
5050
5050
2312
5050
5050
5050
1003
749
1069
1048
3627
3272
5050
2671
5050
5050
5050
2229
5050
4887
5050
1588
5050
5050
5050
1452
5050
4361
5050
5050
1290
4816
5050
1499
5050
5050
5050
5050
988
5050
1845
2058
1571
1260
5050
3133
2703
5050
5050
5050
5050
5050
3910
5050
2722
5050
1488
5050
5050
2689
5050
3647
5050
5050
5050
960
1914
5050
5050
5050
5050
5050
5050
5050
2952
5050
1988
