2998
1051
1708
5050
1390
3326
5050
2945
2351
5050
2119
5050
5050
2674
3181
2605
2698
4897
5050
4590
2020
2385
2237
1833
3425
2121
2372
2096
5050
2556
5050
3370
2669
3259
4242
2315
2350
5050
1820
5050
5050
2400
644
5050
934
1315
3366
5050
1405
506
2576
4759
1466
3475
2967
3141
4181
2713
3511
963
4335
1991
5050
3960
3410
5050
5050
2030
2283
3358
3621
862
4324
1532
2798
1923
1516
1211
3225
5026
5050
4588
3973
4072
2980
2433
1653
1765
2978
1771
5050
2598
3416
3264
2485
5050
2440
2029
5050
2946
